25 25
33
O 3 18 0 4 4 0
O 3 7 0 4 4 0
O 3 9 0 4 4 0
O 11 20 0 4 4 0
W 20 16 0 9 5 0
Z 21 21 0 2 1 0
Z 10 6 0 2 1 0
Z 15 7 0 2 1 0
L 13 17 0 3 7 0
L 13 23 0 3 7 0
A 0 7 0 4 4 0
A 6 16 0 4 4 0
A 22 20 0 4 4 0
t 17 7 0 0 0 0
m 22 9 0 0 0 0
m 21 2 0 0 0 0
m 20 10 0 0 0 0
m 4 16 0 0 0 0
g 11 15 0 0 0 0
g 7 5 0 0 0 0
g 2 16 0 0 0 0
w 1 14 0 99 0 0
w 11 5 0 99 0 0
w 11 22 0 99 0 0
b 6 17 0 10 0 0
b 8 3 0 10 0 0
b 16 0 0 10 0 0
b 5 11 0 10 0 0
O 19 10 0 4 4 0
O 10 13 0 4 4 0
O 1 16 0 4 4 0
O 19 15 0 4 4 0
C 17 1 0 5 4 0
0 0
